01.01 -24.9
01.07 -24.9
24.01 -24.7
20.11 -24.6
05.03 -24.5
25.01 -24.5
08.07 -24.1
20.12 -24.1
16.01 -24.1
29.02 -23.6
05.06 -23.4
10.12 -23.3
11.05 -22.9
20.09 -22.4
09.08 -22.1
08.06 -22
12.12 -21.6
04.03 -21.6
04.02 -21.6
02.07 -21.3
07.04 -21.2
24.10 -21.1
25.12 -21
17.04 -20.8
29.10 -20.7
14.07 -20.6
04.10 -20.4
03.10 -20.2
08.09 -20.2
17.01 -19.5
02.03 -19.4
06.08 -19.3
04.08 -19.1
22.11 -19
15.05 -18.7
02.11 -18.7
20.03 -18.5
27.09 -18.5
17.06 -18.4
09.07 -18.2
09.11 -18.1
06.07 -18.1
23.01 -17.9
08.05 -17.6
16.06 -17.6
21.12 -17.4
23.10 -17.4
06.12 -17.1
14.12 -17.1
23.06 -16.6
12.04 -16.5
15.02 -16.5
30.06 -16.3
19.01 -16.2
10.04 -16.2
14.09 -16.1
27.03 -15.9
13.10 -15.8
20.04 -15.8
01.10 -15.7
28.04 -15.7
24.07 -15.4
20.01 -15
31.01 -15
26.12 -14.9
04.04 -14.9
26.09 -14.6
11.01 -14.6
04.12 -14.4
25.04 -14.3
31.07 -14.3
28.08 -13.9
02.09 -13.7
29.07 -13.6
24.04 -13.5
03.01 -13.4
10.06 -13.4
30.05 -13.2
14.06 -13.1
16.07 -12.9
15.08 -12.9
14.03 -12.7
19.02 -12.4
05.07 -12.4
24.12 -11.9
28.03 -11.5
04.11 -11.4
12.08 -11.4
20.07 -11.1
17.02 -10.9
01.09 -10.4
29.06 -9.84
26.02 -9.03
25.05 -8.69
08.03 -8.63
07.03 -8.45
02.05 -8.23
21.06 -7.84
11.08 -7.6
05.11 -7.58
18.07 -7.58
27.02 -7.16
27.05 -7.13
10.10 -7.08
21.10 -7
09.02 -6.88
15.04 -6.82
15.01 -6.76
25.09 -6.65
16.10 -6.17
19.06 -6.16
23.09 -6.1
23.05 -5.99
29.12 -5.84
01.11 -5.67
14.10 -5.62
02.10 -5.39
11.12 -5.21
30.07 -4.84
22.06 -4.82
28.12 -4.54
03.04 -4.27
19.05 -4.24
07.01 -3.98
06.09 -3.92
03.02 -3.87
01.12 -3.57
26.03 -3.32
18.01 -3.13
30.12 -2.95
09.05 -2.93
05.12 -2.55
21.05 -2.5
27.08 -2.49
01.03 -2.45
26.01 -2.33
11.11 -2.25
28.11 -2.19
15.11 -2.06
22.03 -1.89
25.02 -1.45
19.11 -1.29
02.06 -1.14
01.05 -0.665
09.10 -0.461
14.08 -0.357
29.03 0.509
14.05 0.573
16.04 0.593
19.07 1.2
15.07 1.2
07.08 1.26
22.01 1.74
08.10 1.9
02.02 2.05
18.08 2.1
10.07 2.27
24.05 2.37
02.08 2.45
17.03 2.48
16.02 2.72
11.10 2.93
19.08 2.98
16.03 3.11
20.05 3.3
27.04 3.52
07.05 3.52
06.01 3.79
13.03 4.1
25.11 4.49
06.04 4.51
10.11 4.55
07.09 4.67
12.11 4.81
27.11 4.81
03.06 5.05
12.10 5.07
29.04 5.24
25.07 5.25
09.04 5.29
03.11 5.3
14.11 5.56
14.01 5.81
12.05 6.02
31.03 6.03
08.02 6.19
26.10 6.47
09.06 6.88
27.01 6.9
17.11 6.93
22.07 6.95
14.02 7.36
13.07 7.61
07.10 7.71
18.05 7.97
07.11 8.07
30.11 8.17
07.07 8.19
30.08 8.31
02.01 8.82
26.08 8.95
29.05 9.04
03.05 9.12
24.09 9.15
28.01 9.27
25.03 9.34
07.06 9.36
15.09 9.56
21.07 9.67
23.04 9.92
05.09 10.1
05.01 10.1
09.03 10.3
17.12 10.8
20.08 10.9
21.03 10.9
27.06 11
29.01 11.1
17.08 11.2
03.09 11.3
18.11 11.4
30.01 11.4
05.02 11.5
24.03 11.5
27.10 11.6
24.02 11.7
09.12 11.7
10.09 11.7
18.09 11.9
23.12 12
11.09 12.2
23.11 12.4
27.12 12.4
24.08 12.5
05.08 12.5
12.06 12.6
16.08 12.7
23.07 12.7
03.12 12.9
21.08 13.1
13.12 13.4
05.10 13.5
31.10 14.2
05.04 14.4
13.06 14.5
31.12 14.7
08.11 14.8
13.05 14.8
01.02 14.8
21.09 15.1
03.03 15.6
04.05 15.9
19.04 16
12.07 16.2
16.11 16.3
12.09 16.5
10.03 16.5
14.04 16.6
27.07 16.7
17.07 16.8
04.09 16.9
08.04 17
21.11 17.5
22.12 17.5
26.06 17.5
13.01 17.6
25.08 18.3
18.12 18.3
06.05 18.3
20.10 18.5
12.03 18.6
11.02 18.6
19.09 18.7
30.04 18.9
24.06 19
23.03 19.1
29.08 19.3
15.10 19.3
28.05 19.4
09.09 19.4
18.06 19.6
07.12 19.6
15.03 19.6
30.09 19.7
19.03 19.7
10.01 19.8
28.06 19.8
26.11 19.8
02.04 20.1
11.07 20.1
05.05 20.4
31.05 20.7
13.08 21.1
20.02 21.8
06.02 22
25.10 22.1
29.11 22.1
13.11 22.6
07.02 23.2
30.03 23.2
13.09 23.3
03.07 23.4
04.01 23.5
26.04 24
06.10 24.2
22.04 24.3
09.01 24.4
17.10 24.6
23.08 24.7
25.06 25.1
10.05 25.1
11.03 25.3
01.06 25.4
28.02 25.4
15.06 25.5
11.06 25.6
21.02 25.6
22.05 25.8
15.12 25.8
29.09 26.1
04.07 26.2
19.12 26.2
22.08 26.3
12.01 26.5
18.02 26.7
24.11 26.8
16.12 26.9
16.09 27.1
28.09 27.1
19.10 27.4
30.10 27.5
10.02 27.6
21.04 27.6
04.06 28.4
10.08 28.7
08.01 28.8
31.08 29.3
13.04 29.3
17.09 29.7
06.03 30.1
06.11 30.2
17.05 30.3
28.07 30.5
13.02 30.5
08.08 30.9
20.06 31.5
22.10 31.6
18.03 31.9
16.05 32
11.04 32
08.12 32.1
02.12 32.3
12.02 32.4
28.10 32.4
18.10 32.5
26.07 32.8
18.04 33
22.09 33.6
26.05 34
21.01 34.3
01.04 34.4
06.06 34.7
01.08 34.7
22.02 34.8
03.08 34.9
23.02 35
